날짜,시가,고가,저가,종가,거래량,등락률,공매도량,비중,잔고수량,공매도_거래대금,공매도_잔고금액,공매도_상환량,공매도_평단가
2024-07-08,27000,27450,26600,27250,158261,1.1131725417439702,74,0.05,87753.0,2015700.0,2391269250.0,0,27239
2024-07-09,27300,29100,27250,28200,634233,3.486238532110092,64,0.01,87753.0,1805100.0,2474634600.0,64,28204
2024-07-10,28250,28750,27950,28650,276659,1.5957446808510638,314,0.11,87753.0,8950850.0,2514123450.0,314,28505
2024-07-11,29000,29000,27750,27750,292146,-3.1413612565445024,149,0.05,87753.0,4142050.0,2435145750.0,149,27798
2024-07-12,28000,29900,27900,28800,670644,3.783783783783784,1,0.0,87753.0,28500.0,2527286400.0,1,28500
2024-07-15,29100,29150,28100,28100,199632,-2.430555555555556,15,0.01,87753.0,425300.0,2465859300.0,15,28353
2024-07-16,28250,28350,26850,27000,379718,-3.9145907473309607,36,0.01,87753.0,972000.0,2369331000.0,36,27000
2024-07-17,27000,28450,27000,28350,292042,5.0,23,0.01,87753.0,650550.0,2487797550.0,23,28284
2024-07-18,27950,28100,27100,27450,194787,-3.1746031746031744,16,0.01,87753.0,439300.0,2408819850.0,16,27456
2024-07-19,27450,27900,27150,27750,155517,1.092896174863388,0,0.0,87753.0,0.0,2435145750.0,0,0
2024-07-22,27500,27600,26800,26900,175660,-3.063063063063063,10,0.01,87753.0,270250.0,2360555700.0,10,27025
2024-07-23,26650,28600,24700,24800,1354653,-7.806691449814126,3,0.0,87753.0,74400.0,2176274400.0,3,24800
2024-07-24,24800,25650,24450,24900,369869,0.4032258064516129,0,0.0,87753.0,0.0,2185049700.0,0,0
2024-07-25,24700,26250,24550,25750,408896,3.413654618473896,27,0.01,87753.0,693950.0,2259639750.0,27,25701
2024-07-26,25650,26100,25100,26000,226843,0.9708737864077669,8,0.0,87753.0,208000.0,2281578000.0,8,26000
2024-07-29,26000,26350,25600,26150,113724,0.576923076923077,60,0.05,87753.0,1569700.0,2294740950.0,60,26161
2024-07-30,25850,26050,24850,25050,329346,-4.2065009560229445,1259,0.38,87753.0,31646250.0,2198212650.0,1259,25136
2024-07-31,25000,25250,24650,25250,136447,0.7984031936127743,34,0.02,87753.0,855750.0,2215763250.0,34,25169
2024-08-01,25200,25750,25200,25750,155032,1.9801980198019802,238,0.15,87753.0,6118950.0,2259639750.0,238,25709
2024-08-02,25200,25650,25000,25150,197213,-2.3300970873786406,0,0.0,87753.0,0.0,2206987950.0,0,0
2024-08-05,24600,24850,21950,22600,454353,-10.139165009940358,0,0.0,87753.0,0.0,1983217800.0,0,0
2024-08-06,22600,24650,22500,24100,463744,6.637168141592921,9,0.0,87753.0,217800.0,2114847300.0,9,24200
2024-08-07,23800,25550,23750,24800,261950,2.904564315352697,381,0.15,87525.0,9426300.0,2170620000.0,609,24740
2024-08-08,24600,25700,24450,25400,306421,2.4193548387096775,658,0.21,87525.0,16742300.0,2223135000.0,658,25444
2024-08-09,25650,25700,24150,24300,278111,-4.330708661417323,43,0.02,87525.0,1074650.0,2126857500.0,43,24991
2024-08-12,24300,25000,24300,24950,140474,2.674897119341564,28,0.02,87525.0,698400.0,2183748750.0,28,24942
2024-08-13,24500,24550,22800,23550,607620,-5.61122244488978,74,0.01,87525.0,1743650.0,2061213750.0,74,23562
2024-08-14,23400,24300,23200,24100,282384,2.335456475583864,102,0.04,87525.0,2455050.0,2109352500.0,102,24069
2024-08-16,24250,24500,23800,23900,208235,-0.8298755186721992,56,0.03,87525.0,1341450.0,2091847500.0,56,23954
2024-08-19,23700,24150,23550,23850,119494,-0.20920502092050208,43,0.04,87525.0,1025550.0,2087471250.0,43,23850
2024-08-20,24050,24150,23700,23900,112052,0.20964360587002098,541,0.48,87525.0,12928500.0,2091847500.0,541,23897
2024-08-21,23700,24250,23700,24000,115735,0.41841004184100417,47,0.04,87525.0,1128800.0,2100600000.0,47,24017
2024-08-22,24000,25300,24000,25100,401212,4.583333333333333,1,0.0,86903.0,25100.0,2181265300.0,623,25100
2024-08-23,24800,24900,24050,24600,287669,-1.9920318725099602,1,0.0,86903.0,24650.0,2137813800.0,1,24650
2024-08-26,24500,25550,24500,25500,293155,3.6585365853658534,4,0.0,86903.0,101250.0,2216026500.0,4,25312
2024-08-27,25450,26050,25150,25400,168915,-0.39215686274509803,47,0.03,86903.0,1193400.0,2207336200.0,47,25391
2024-08-28,25400,25600,24500,24600,213278,-3.149606299212598,128,0.06,86903.0,3148800.0,2137813800.0,128,24600
2024-08-29,24500,25200,24000,24950,194867,1.4227642276422763,0,0.0,86903.0,0.0,2168229850.0,0,0
2024-08-30,25200,25400,24950,25150,131698,0.8016032064128256,56,0.04,86903.0,1408350.0,2185610450.0,56,25149
2024-09-02,25150,25150,24600,24650,146518,-1.9880715705765408,145,0.1,86903.0,3574700.0,2142158950.0,145,24653
2024-09-03,24550,25250,24550,24550,100009,-0.4056795131845842,133,0.13,86903.0,3265250.0,2133468650.0,133,24550
2024-09-04,23900,24000,22800,22850,435753,-6.924643584521386,95,0.02,86903.0,2177950.0,1985733550.0,95,22925
2024-09-05,23000,23750,22950,23450,204642,2.62582056892779,289,0.14,86903.0,6777150.0,2037875350.0,289,23450
2024-09-06,23400,23500,22650,23100,173180,-1.4925373134328357,0,0.0,86903.0,0.0,2007459300.0,0,0
2024-09-09,22450,23100,21950,22850,208807,-1.0822510822510822,0,0.0,86903.0,0.0,1985733550.0,0,0
2024-09-10,23000,23350,22850,23150,135338,1.312910284463895,0,0.0,86903.0,0.0,2011804450.0,0,0
2024-09-11,23100,23400,22900,23050,158148,-0.4319654427645789,0,0.0,86903.0,0.0,2003114150.0,0,0
2024-09-12,23150,23900,22950,23900,272879,3.68763557483731,0,0.0,86903.0,0.0,2076981700.0,0,0
2024-09-13,24150,24450,23700,24350,141011,1.882845188284519,16,0.01,86903.0,389600.0,2116088050.0,16,24350
2024-09-19,24750,24850,23900,24350,131775,0.0,0,0.0,86903.0,0.0,2116088050.0,0,0
2024-09-20,24650,24850,23700,23800,183784,-2.2587268993839835,1079,0.59,86903.0,25727650.0,2068291400.0,1079,23843
2024-09-23,23900,24350,23650,24000,91116,0.8403361344537815,6,0.01,86903.0,143700.0,2085672000.0,6,23950
2024-09-24,24050,24550,24000,24550,165709,2.2916666666666665,7,0.0,101691.0,169550.0,2496514050.0,-14781,24221
2024-09-25,24900,25100,24600,24600,197911,0.20366598778004072,62,0.03,101701.0,1544050.0,2501844600.0,52,24904
2024-09-26,24650,25450,24500,25400,177616,3.2520325203252036,20,0.01,101228.0,494600.0,2571191200.0,493,24730
2024-09-27,25400,25450,24900,24900,175931,-1.968503937007874,462,0.26,100119.0,11580200.0,2492963100.0,1571,25065
2024-09-30,25250,25800,24250,24400,228759,-2.0080321285140563,17,0.01,102327.0,415950.0,2496778800.0,-2191,24467
2024-10-02,23900,24000,22850,23300,458982,-4.508196721311475,0,0.0,100855.0,0.0,2349921500.0,1472,0
2024-10-04,23300,23950,23000,23900,308783,2.575107296137339,6,0.0,86903.0,143400.0,2076981700.0,13958,23900
2024-10-07,23750,24800,23400,24450,240732,2.301255230125523,151,0.06,86903.0,3648650.0,2124778350.0,151,24163
2024-10-08,24300,25300,24000,25000,292463,2.2494887525562373,3,0.0,101938.0,75000.0,2548450000.0,-15032,25000
2024-10-10,25350,25350,24450,24650,284618,-1.4000000000000001,11,0.0,79184.0,271150.0,1951885600.0,22765,24650
2024-10-11,24700,25150,24400,24700,110897,0.2028397565922921,3,0.0,79184.0,74200.0,1955844800.0,3,24733
2024-10-14,24700,25000,24500,24750,107587,0.20242914979757085,79,0.07,79184.0,1955850.0,1959804000.0,79,24757
2024-10-15,24800,25350,24800,24900,163751,0.6060606060606061,105,0.06,79184.0,2623050.0,1971681600.0,105,24981
2024-10-16,24700,25450,24600,24700,179212,-0.8032128514056224,8,0.0,79184.0,200450.0,1955844800.0,8,25056
2024-10-17,24900,25250,24500,24500,105545,-0.8097165991902834,13,0.01,79184.0,319150.0,1940008000.0,13,24550
2024-10-18,24650,25100,24600,24900,135723,1.6326530612244898,6,0.0,79184.0,149100.0,1971681600.0,6,24850
2024-10-21,25000,26400,24900,26000,503079,4.417670682730924,6,0.0,79184.0,156400.0,2058784000.0,6,26066
2024-10-22,26000,26050,24100,24150,448688,-7.115384615384615,1,0.0,79184.0,24250.0,1912293600.0,1,24250
2024-10-23,24250,24650,23900,24100,154954,-0.2070393374741201,3,0.0,79184.0,72300.0,1908334400.0,3,24100
2024-10-24,23950,24200,23650,23800,136345,-1.2448132780082988,0,0.0,79184.0,0.0,1884579200.0,0,0
2024-10-25,23800,23900,22850,23050,209310,-3.1512605042016806,306,0.15,79184.0,7054300.0,1825191200.0,306,23053
2024-10-28,22900,24400,22900,24400,209670,5.856832971800434,288,0.14,79184.0,7022850.0,1932089600.0,288,24384
2024-10-29,24400,24450,23950,24400,111323,0.0,2,0.0,79184.0,48750.0,1932089600.0,2,24375
2024-10-30,24400,24900,23900,24000,142179,-1.639344262295082,28,0.02,79184.0,672650.0,1900416000.0,28,24023
2024-10-31,23600,24650,23300,24550,236547,2.2916666666666665,8,0.0,79184.0,193800.0,1943967200.0,8,24225
2024-11-01,24200,24200,23700,23800,131691,-3.054989816700611,13,0.01,79184.0,310950.0,1884579200.0,13,23919
2024-11-04,23900,24250,23700,24250,141262,1.8907563025210083,3,0.0,79184.0,72150.0,1920212000.0,3,24050
2024-11-05,24050,25000,23850,24450,233009,0.8247422680412372,6,0.0,79184.0,145550.0,1936048800.0,6,24258
2024-11-06,24600,25250,24200,24550,223753,0.408997955010225,19,0.01,79184.0,465100.0,1943967200.0,19,24478
2024-11-07,24550,25500,24250,25450,340221,3.6659877800407332,20,0.01,79184.0,509000.0,2015232800.0,20,25450
2024-11-08,25150,25550,24500,24550,216610,-3.536345776031434,11,0.01,79184.0,270050.0,1943967200.0,11,24550
2024-11-11,24500,24500,23100,23100,295280,-5.906313645621181,0,0.0,79184.0,0.0,1829150400.0,0,0
2024-11-12,23050,23300,22200,22300,328917,-3.463203463203463,0,0.0,79184.0,0.0,1765803200.0,0,0
2024-11-13,22100,22300,21600,21700,237705,-2.690582959641256,6,0.0,79184.0,133500.0,1718292800.0,6,22250
2024-11-14,21800,22750,21700,22350,378406,2.995391705069124,6,0.0,79184.0,134100.0,1769762400.0,6,22350
2024-11-15,22500,22500,21200,21900,231085,-2.013422818791946,94,0.04,79184.0,2058600.0,1734129600.0,94,21900
2024-11-18,21700,22900,21650,22650,177026,3.4246575342465753,84,0.05,79184.0,1895300.0,1793517600.0,84,22563
2024-11-19,22250,23000,22250,22700,98968,0.22075055187637968,177,0.18,79184.0,4019000.0,1797476800.0,177,22706
2024-11-20,22800,23000,22450,22700,127825,0.0,143,0.11,79184.0,3246650.0,1797476800.0,143,22703
2024-11-21,22600,23000,22350,22700,104989,0.0,14,0.01,79184.0,318200.0,1797476800.0,14,22728
2024-11-22,22900,24100,22650,23600,285542,3.9647577092511015,5,0.0,93112.0,115000.0,2197443200.0,-13923,23000
2024-11-25,23800,23950,23450,23450,828847,-0.6355932203389831,1,0.0,99176.0,23450.0,2325677200.0,-6063,23450
2024-11-26,23450,23650,23000,23450,123617,0.0,14,0.01,103248.0,327700.0,2421165600.0,-4058,23407
2024-11-27,23350,24450,23300,24050,300960,2.55863539445629,0,0.0,96485.0,0.0,2320464250.0,6763,0
2024-11-28,23950,24850,23900,24250,168275,0.8316008316008316,0,0.0,97181.0,0.0,2356639250.0,-696,0
2024-11-29,24400,24900,23550,24750,243346,2.0618556701030926,1,0.0,92190.0,24750.0,2281702500.0,4992,24750
2024-12-02,25000,28350,24850,26800,2181029,8.282828282828284,8,0.0,79184.0,214200.0,2122131200.0,13014,26775
2024-12-03,27500,27550,26500,26900,664642,0.3731343283582089,5,0.0,79184.0,133500.0,2130049600.0,5,26700
2024-12-04,26100,33200,25600,32950,7524169,22.490706319702603,50,0.0,79184.0,1305000.0,2609112800.0,50,26100
2024-12-05,31650,32000,28350,28600,3335738,-13.201820940819422,0,0.0,108441.0,0.0,3101412600.0,-29257,0
2024-12-06,29150,32300,27850,30350,8161082,6.118881118881119,345,0.0,137198.0,10626000.0,4163959300.0,-28412,30800
2024-12-09,29100,32250,28800,30600,3683795,0.8237232289950577,0,0.0,201280.0,0.0,6159168000.0,-64082,0
2024-12-10,30900,32600,30000,30300,2855620,-0.9803921568627451,82,0.0,225195.0,2546100.0,6823408500.0,-23833,31050
2024-12-11,30600,31300,29400,30400,1576861,0.33003300330033003,31,0.0,207478.0,946950.0,6307331200.0,17748,30546
2024-12-12,30650,30700,29150,30300,1549020,-0.3289473684210526,2776,0.18,205543.0,84125950.0,6227952900.0,4711,30304
2024-12-13,30150,33650,29950,33450,3634849,10.396039603960396,73,0.0,146679.0,2264000.0,4906412550.0,58937,31013
2024-12-16,33850,34400,30500,30600,2336161,-8.520179372197308,9,0.0,212730.0,276100.0,6509538000.0,-66042,30677
2024-12-17,30600,30800,29350,29400,1010713,-3.9215686274509802,3,0.0,143177.0,89800.0,4209403800.0,69556,29933
2024-12-18,29250,30000,28550,28900,699440,-1.7006802721088436,144,0.02,144235.0,4161900.0,4168391500.0,-914,28902
2024-12-19,27450,27800,26500,26750,1373306,-7.439446366782007,0,0.0,201411.0,0.0,5387744250.0,-57176,0
2024-12-20,26750,27200,26150,26700,622971,-0.1869158878504673,516,0.08,192671.0,13726100.0,5144315700.0,9256,26600
2024-12-23,26800,27300,26350,27000,390847,1.1235955056179776,281,0.07,187964.0,7573900.0,5075028000.0,4988,26953
2024-12-24,27000,27250,26650,26700,229271,-1.1111111111111112,39,0.02,186505.0,1047150.0,4979683500.0,1498,26850
2024-12-26,26750,26900,25800,25950,356980,-2.8089887640449436,46,0.01,184502.0,1206650.0,4787826900.0,2049,26231
2024-12-27,26000,27050,25850,26550,457439,2.312138728323699,136,0.03,172494.0,3609100.0,4579715700.0,12144,26537
2024-12-30,26350,26800,26000,26250,219356,-1.1299435028248588,8,0.0,178347.0,211100.0,4681608750.0,-5845,26387
2025-01-02,26600,26650,25700,26100,273032,-0.5714285714285714,6,0.0,190536.0,157050.0,4972989600.0,-12183,26175
2025-01-03,26100,27950,26100,27100,736222,3.8314176245210727,102,0.01,144416.0,2764200.0,3913673600.0,46222,27100
2025-01-06,27100,27400,26500,27300,453634,0.7380073800738007,44,0.01,145527.0,1190000.0,3972887100.0,-1067,27045
2025-01-07,27300,27750,27200,27600,273736,1.098901098901099,180,0.07,145965.0,4959250.0,4028634000.0,-258,27551
2025-01-08,27150,27900,27150,27550,221228,-0.18115942028985507,99,0.04,146072.0,2727450.0,4024283600.0,-8,27550
2025-01-09,27400,27600,27000,27000,401849,-1.9963702359346642,1625,0.4,142857.0,44140450.0,3857139000.0,4840,27163
2025-01-10,27200,27550,26800,27400,224658,1.4814814814814816,2600,1.16,145674.0,70358950.0,3991467600.0,-217,27061
2025-01-13,27000,27900,26450,26450,282982,-3.4671532846715327,1018,0.36,148956.0,27544200.0,3939886200.0,-2264,27057
2025-01-14,26550,27500,26250,27350,210800,3.402646502835539,108,0.05,149118.0,2891350.0,4078377300.0,-54,26771
2025-01-15,28150,28800,27250,27350,678017,0.0,435,0.06,152028.0,11980000.0,4157965800.0,-2475,27540
2025-01-16,28000,28000,26950,27050,268987,-1.0968921389396709,332,0.12,153100.0,9008650.0,4141355000.0,-740,27134
2025-01-17,26800,27050,25700,25700,517695,-4.990757855822551,329,0.06,181337.0,8636350.0,4660360900.0,-27908,26250
2025-01-20,25900,26000,25500,25650,174251,-0.19455252918287938,22,0.01,172524.0,564700.0,4425240600.0,8835,25668
2025-01-21,25750,26000,25450,25600,149046,-0.1949317738791423,134,0.09,175796.0,3445600.0,4500377600.0,-3138,25713
2025-01-22,25800,25850,25450,25550,134595,-0.1953125,8,0.01,184222.0,204950.0,4706872100.0,-8418,25618
2025-01-23,25650,25800,25200,25250,181705,-1.1741682974559686,418,0.23,193586.0,10603250.0,4888046500.0,-8946,25366
2025-01-24,25350,26100,25350,25850,199026,2.376237623762376,2,0.0,170861.0,51850.0,4416756850.0,22727,25925
2025-01-31,26150,27150,25850,27000,432985,4.448742746615087,33,0.01,153045.0,876000.0,4132215000.0,17849,26545
2025-02-03,26400,27700,26050,27650,664966,2.4074074074074074,1780,0.27,153870.0,47811700.0,4254505500.0,955,26860
2025-02-04,27900,31600,27250,29250,3559932,5.786618444846293,344,0.01,151730.0,10067050.0,4438102500.0,2484,29264
2025-02-05,29250,33200,29250,31950,3185838,9.230769230769232,67,0.0,151730.0,2142250.0,4847773500.0,67,31973
2025-02-06,31950,32350,31400,32250,852934,0.9389671361502347,48,0.01,150495.0,1547850.0,4853463750.0,1283,32246
2025-02-07,32100,32550,31650,32050,505499,-0.6201550387596899,201,0.04,139728.0,6442050.0,4478282400.0,10968,32050
2025-02-10,32250,32850,31700,31850,538623,-0.62402496099844,0,0.0,132646.0,0.0,4224775100.0,7082,0
2025-02-11,31850,32800,31800,32300,465854,1.4128728414442702,19,0.0,125320.0,612050.0,4047836000.0,7345,32213
2025-02-12,32550,32600,31800,32200,279921,-0.30959752321981426,409,0.15,118891.0,13143700.0,3828290200.0,6838,32136
2025-02-13,31850,32600,30450,30950,680615,-3.881987577639751,138,0.02,120751.0,4271350.0,3737243450.0,-1722,30951
2025-02-14,31050,31300,30150,30400,278052,-1.7770597738287561,125,0.04,115733.0,3808400.0,3518283200.0,5143,30467
2025-02-17,30400,32350,30050,32250,433665,6.0855263157894735,71,0.02,114817.0,2287850.0,3702848250.0,987,32223
2025-02-18,32050,32700,31450,31800,226236,-1.3953488372093024,6,0.0,112042.0,190650.0,3562935600.0,2781,31775
2025-02-19,31700,33000,31400,32400,323503,1.8867924528301887,138,0.04,113789.0,4471900.0,3686763600.0,-1609,32405
2025-02-20,32200,33800,31900,32050,352193,-1.0802469135802468,65,0.02,111888.0,2083050.0,3586010400.0,1966,32046
2025-02-21,32200,32500,31750,31800,131974,-0.7800312012480499,63,0.05,112803.0,2003400.0,3587135400.0,-852,31800
2025-02-24,31700,32600,30900,31950,191722,0.4716981132075472,60,0.03,112964.0,1917000.0,3609199800.0,-101,31950
2025-02-25,31850,32450,31350,31750,179329,-0.6259780907668232,235,0.13,113229.0,7460450.0,3595020750.0,-30,31746
2025-02-26,31750,35200,31750,34800,1747179,9.606299212598426,117,0.01,102766.0,4071400.0,3576256800.0,10580,34798
2025-02-27,34650,35100,33600,33950,549015,-2.442528735632184,102,0.02,79184.0,3461200.0,2688296800.0,23684,33933
2025-02-28,33400,34300,33050,34250,702958,0.8836524300441826,3641,0.52,79184.0,122774850.0,2712052000.0,3641,33720
2025-03-04,33500,33900,30250,30650,968689,-10.510948905109489,365,0.04,79184.0,11485100.0,2426989600.0,365,31466
2025-03-05,30500,31600,30500,30950,278767,0.9787928221859705,705,0.25,79184.0,21940850.0,2450744800.0,705,31121
2025-03-06,31050,33200,31050,32800,520575,5.977382875605816,198,0.04,79184.0,6411750.0,2597235200.0,198,32382
2025-03-07,32300,32450,31350,31350,272705,-4.420731707317073,222,0.08,79184.0,6991600.0,2482418400.0,222,31493
2025-03-10,30900,32300,30500,31750,286953,1.2759170653907497,278,0.1,79184.0,8747650.0,2514092000.0,278,31466
2025-03-11,30500,31100,30350,30800,244892,-2.9921259842519685,149,0.06,79184.0,4578850.0,2438867200.0,149,30730
2025-03-12,30800,31200,30350,31100,141812,0.974025974025974,572,0.4,79184.0,17726450.0,2462622400.0,572,30990
2025-03-13,31350,31950,30550,30600,285272,-1.607717041800643,3049,1.07,79184.0,94081625.0,2423030400.0,3049,30856
2025-03-14,30500,31350,30250,30650,226467,0.16339869281045752,684,0.3,79184.0,20956850.0,2426989600.0,684,30638
2025-03-17,30700,31600,30200,31600,196348,3.0995106035889073,54,0.03,79184.0,1705700.0,2502214400.0,54,31587
2025-03-18,31800,33750,31600,32800,507808,3.79746835443038,165,0.03,79184.0,5412000.0,2597235200.0,165,32800
2025-03-19,32600,33050,32300,32400,168476,-1.2195121951219512,48,0.03,79184.0,1555850.0,2565561600.0,48,32413
2025-03-20,32600,33200,31900,32000,224909,-1.2345679012345678,40,0.02,79184.0,1280000.0,2533888000.0,40,32000
2025-03-21,31650,32100,31250,32050,201322,0.15625,293,0.15,79184.0,9374000.0,2537847200.0,293,31993
2025-03-24,32050,32150,30400,30650,324587,-4.368174726989079,1,0.0,79184.0,30650.0,2426989600.0,1,30650
2025-03-25,30750,31050,29950,30350,232297,-0.9787928221859705,249,0.11,125343.0,7557150.0,3804160050.0,-45910,30350
2025-03-26,30350,30800,29050,30400,405740,0.16474464579901155,0,0.0,131208.0,0.0,3988723200.0,-5865,0
2025-03-27,30050,30800,29800,30150,203396,-0.8223684210526315,23,0.01,136545.0,693450.0,4116831750.0,-5314,30150
2025-03-28,30150,30700,29700,30150,185023,0.0,12,0.01,138357.0,361850.0,4171463550.0,-1800,30154
2025-03-31,29400,29800,28400,28600,272989,-5.140961857379768,60333,22.1,198514.0,1729074450.0,5677500400.0,176,28658
2025-04-01,29000,31350,28700,30750,432134,7.517482517482517,35447,8.2,159165.0,1091240550.0,4894323750.0,74796,30785
2025-04-02,31050,31050,29600,29900,193409,-2.7642276422764227,23131,11.96,171232.0,694673850.0,5119836800.0,11064,30032
2025-04-03,29200,31000,29100,30550,289930,2.1739130434782608,32940,11.36,217116.0,1002816600.0,6632893800.0,-12944,30443
2025-04-04,30400,32450,29400,30000,777208,-1.800327332242226,111056,14.29,262048.0,3421126850.0,7861440000.0,66124,30805
2025-04-07,28550,29550,26750,29150,373802,-2.833333333333333,27691,7.41,285197.0,790357300.0,8313492550.0,4542,28542
2025-04-08,29800,30000,27650,27750,366507,-4.802744425385934,51238,13.98,300520.0,1439305350.0,8339430000.0,35915,28090
2025-04-09,27150,28000,26350,26700,195524,-3.783783783783784,26062,13.33,315914.0,701827150.0,8434903800.0,10668,26929
2025-04-10,28100,28350,27450,27950,345861,4.681647940074907,73940,21.38,361304.0,2068133625.0,10098446800.0,28550,27970
2025-04-11,27500,28550,27350,28550,170702,2.146690518783542,25363,14.86,363555.0,716047600.0,10379495250.0,23112,28231
2025-04-14,28800,29100,28200,28600,152285,0.17513134851138354,27384,17.98,366224.0,779334300.0,10474006400.0,24715,28459
2025-04-15,28500,29100,28400,28800,198539,0.6993006993006993,62066,31.26,399856.0,1789714750.0,11515852800.0,28434,28835
2025-04-16,29050,29100,28400,28550,89273,-0.8680555555555556,18383,20.59,400163.0,526682250.0,11424653650.0,18076,28650
2025-04-17,28600,29800,28400,29750,239430,4.203152364273205,63993,26.73,446165.0,1873829050.0,13273408750.0,17991,29281
2025-04-18,29750,30050,29450,29950,109280,0.6722689075630253,7988,7.31,443634.0,238278450.0,13286838300.0,10519,29829
2025-04-21,29750,30150,29650,30100,96670,0.5008347245409015,10379,10.74,448161.0,310724000.0,13489646100.0,5852,29937
2025-04-22,30000,30600,29650,30050,103752,-0.16611295681063123,16364,15.77,446133.0,491599750.0,13406296650.0,18392,30041
2025-04-23,30450,30550,29900,30500,127774,1.497504159733777,11134,8.71,443485.0,338265750.0,13526292500.0,13782,30381
2025-04-24,30500,30650,30200,30450,96103,-0.16393442622950818,12863,13.38,443685.0,390687150.0,13510208250.0,12663,30372
2025-04-25,30600,30600,29200,29800,235480,-2.134646962233169,44379,18.85,442160.0,1321373750.0,13176368000.0,45904,29774
2025-04-28,29850,31050,29650,30500,233922,2.348993288590604,32373,13.84,404111.0,991560600.0,12325385500.0,70422,30629
2025-04-29,30400,31750,30300,31150,185398,2.1311475409836063,28272,15.25,379991.0,882954550.0,11836719650.0,52392,31230
2025-04-30,30900,32250,30850,31650,265196,1.6051364365971106,28894,10.9,358358.0,915563100.0,11342030700.0,50527,31686
2025-05-02,31350,31950,31000,31550,127474,-0.315955766192733,9286,7.28,353354.0,293734675.0,11148318700.0,14290,31631
2025-05-07,32050,32900,31250,31500,279080,-0.15847860538827258,21914,7.85,355585.0,693646650.0,11200927500.0,19683,31653
2025-05-08,31750,31800,29400,29700,809705,-5.714285714285714,146568,18.1,469998.0,4349676825.0,13958940600.0,32155,29676
2025-05-09,29750,30100,29350,29400,222396,-1.0101010101010102,14700,6.61,468861.0,434792550.0,13784513400.0,15837,29577
2025-05-12,29600,29850,29300,29500,191721,0.3401360544217687,15634,8.15,465019.0,460459300.0,13718060500.0,19476,29452
2025-05-13,29600,29700,29150,29650,213317,0.5084745762711864,19000,8.91,462776.0,560436400.0,13721308400.0,21243,29496
2025-05-14,29650,30350,29450,30200,279765,1.854974704890388,12150,4.34,433124.0,364554100.0,13080344800.0,41802,30004
2025-05-15,30050,30150,29550,29750,85840,-1.490066225165563,4860,5.66,440184.0,144965700.0,13095474000.0,-2200,29828
2025-05-16,29750,30050,29350,29550,83185,-0.6722689075630253,12858,15.46,447764.0,381221800.0,13231426200.0,5278,29648
2025-05-19,29350,29950,28800,29300,108803,-0.8460236886632826,17620,16.19,442030.0,519042200.0,12951479000.0,23354,29457
2025-05-20,29550,29600,28900,29050,120186,-0.8532423208191127,21732,18.08,450767.0,632772000.0,13094781350.0,12995,29117
2025-05-21,29050,30250,29050,29700,176027,2.2375215146299485,32957,18.72,463445.0,981502850.0,13764316500.0,20279,29781
2025-05-22,29550,30400,29500,30300,197238,2.0202020202020203,5066,2.57,461848.0,152471400.0,13993994400.0,6663,30096
2025-05-23,30000,30850,30000,30800,137901,1.65016501650165,7095,5.14,446333.0,216597575.0,13747056400.0,22610,30528
2025-05-26,30850,32250,30650,32100,282041,4.220779220779221,10130,3.59,360723.0,321622650.0,11579208300.0,95740,31749
2025-05-27,31800,36250,31800,35950,1389212,11.993769470404985,14290,1.03,282162.0,502110650.0,10143723900.0,92851,35137
2025-05-28,35400,39550,35250,38900,1376243,8.205841446453407,18189,1.32,265889.0,701642300.0,10343082100.0,34462,38575
2025-05-29,37750,39100,36800,39100,379004,0.5141388174807198,3037,0.8,256379.0,117880300.0,10024418900.0,12547,38814
2025-05-30,39000,39050,37300,37850,324968,-3.1969309462915603,8569,2.64,251578.0,323677300.0,9522227300.0,13370,37773
2025-06-02,38050,38500,37150,38150,236086,0.7926023778071334,2830,1.2,235046.0,107795500.0,8967004900.0,19362,38090
2025-06-04,39300,39800,37050,37300,366439,-2.2280471821756227,5546,1.51,210411.0,206920450.0,7848330300.0,30181,37309
2025-06-05,37200,39200,37200,38100,361202,2.1447721179624666,8590,2.38,209416.0,328347950.0,7978749600.0,9585,38224
2025-06-09,41000,49500,40500,49500,2037710,29.92125984251969,7501,0.37,212679.0,336376850.0,10527610500.0,4238,44844
2025-06-10,58200,58400,53000,57400,5144110,15.95959595959596,284658,5.53,291669.0,15919005350.0,16741800600.0,205668,55923
2025-06-11,54600,61500,53700,59100,3658325,2.961672473867596,110640,3.02,215232.0,6418704450.0,12720211200.0,187077,58014
2025-06-12,57700,59000,56300,56700,1264652,-4.060913705583756,57621,4.56,204340.0,3317277800.0,11586078000.0,68513,57570
2025-06-13,63900,64600,59400,60400,2697452,6.525573192239858,98417,3.65,159251.0,6028664000.0,9618760400.0,143506,61256
2025-06-16,60500,62750,58100,61400,2578294,1.6556291390728477,53601,2.08,163070.0,3211380550.0,10012498000.0,49782,59912
2025-06-17,62500,62800,54300,57900,2305884,-5.700325732899023,5168,0.22,213440.0,306503450.0,12358176000.0,-45202,59307
2025-06-18,57600,60900,56500,60800,1872764,5.008635578583765,6612,0.35,272178.0,392439900.0,16548422400.0,-52126,59352
2025-06-19,64000,66200,60000,61300,2729586,0.8223684210526315,13469,0.49,314830.0,844405200.0,19299079000.0,-29183,62692
2025-06-20,62000,79600,60000,79600,6866762,29.853181076672104,16267,0.24,290369.0,1126175700.0,23113372400.0,40728,69230
2025-06-23,80500,99400,78100,92000,13439046,15.577889447236181,255169,1.9,380084.0,23550912450.0,34967728000.0,165454,92295
2025-06-24,0,0,0,92000,0,0.0,0,,380084.0,0.0,34967728000.0,0,0
2025-06-25,96000,114000,92000,93800,12214811,1.956521739130435,865042,7.08,400891.0,86299217350.0,37603575800.0,844235,99763
2025-06-26,0,0,0,93800,0,0.0,0,,400891.0,0.0,37603575800.0,0,0
2025-06-27,86700,88800,78200,84200,7742492,-10.23454157782516,480964,6.21,450230.0,40009438000.0,37909366000.0,431625,83185
2025-06-30,82500,83400,75400,76700,3927621,-8.907363420427554,228407,5.82,391487.0,17719260750.0,30027052900.0,287150,77577
2025-07-01,77200,84200,74400,76700,4305804,0.0,241742,5.61,354030.0,19472309850.0,27154101000.0,279199,80549
2025-07-02,79200,81300,75000,77400,2743565,0.9126466753585397,315480,11.5,506138.0,24602658050.0,39175081200.0,163372,77984
2025-07-03,76300,82700,75200,77000,2467267,-0.516795865633075,215048,8.72,508639.0,17107633850.0,39165203000.0,212547,79552
2025-07-04,79200,79900,76600,79100,1418638,2.727272727272727,154460,10.89,560479.0,12101810800.0,44333888900.0,102620,78349
2025-07-07,79500,84400,79100,79700,3069400,0.7585335018963337,361994,11.79,665016.0,29425076400.0,53001775200.0,257457,81286
2025-07-08,81500,82300,77600,82000,1951568,2.8858218318695106,270211,13.85,612138.0,21695193800.0,50195316000.0,323089,80289
2025-07-09,82200,86300,80300,85000,2282317,3.6585365853658534,271682,11.9,628613.0,22642807850.0,53432105000.0,255207,83343
2025-07-10,85400,88000,82200,86700,2047825,2.0,275162,13.44,643088.0,23246600000.0,55755729600.0,260687,84483
2025-07-11,85100,88000,79100,79600,2391994,-8.189158016147635,138469,5.79,610992.0,11663428200.0,48634963200.0,170565,84231
2025-07-14,77800,77800,69200,69700,3550335,-12.43718592964824,273867,7.71,750052.0,19775371450.0,52278624400.0,134807,72207
2025-07-15,68000,70900,66000,67300,2824099,-3.443328550932568,188998,6.69,0.0,12816121500.0,0.0,939050,67810
2025-07-16,65900,69600,64300,67300,2410639,0.0,126495,5.25,,,,0,0
2025-07-17,68900,69000,57500,57700,5514869,-14.26448736998514,0,0.0,,,,0,0
